       0/9     17.3G      2.75      1.14         0      3.89        22       416     0.547     0.865     0.823      0.67      2.87      1.48         0
       1/9     17.3G      2.66      1.06         0      3.72        26       416     0.611      0.86      0.83     0.715      2.84      1.45         0
       2/9     17.3G       2.6      1.01         0      3.61        14       416     0.589     0.849     0.824     0.695      2.86       1.4         0
       3/9     17.3G      2.59     0.954         0      3.54        20       416     0.646     0.848      0.83     0.734      2.82      1.37         0
       4/9     17.3G      2.52     0.933         0      3.45        14       416     0.609     0.861     0.837     0.713      2.86      1.36         0
       5/9     17.3G      2.44     0.915         0      3.35        22       416      0.69     0.858     0.846     0.765      2.78      1.38         0
       6/9     17.3G      2.36     0.877         0      3.24        22       416     0.668     0.866     0.849     0.754      2.77      1.36         0
       7/9     17.3G      2.27     0.863         0      3.13        30       416     0.647     0.873     0.851     0.743      2.74      1.36         0
       8/9     17.3G      2.24     0.843         0      3.09        29       416      0.67     0.857      0.85     0.752      2.71      1.35         0
       9/9     17.3G      2.17     0.826         0      2.99        20       416     0.672     0.874     0.859      0.76      2.71      1.35         0
